 291.41071092710473 153.9541480612529
 6.167695535219675 111.42334886580657
 144.90689175420985 47.24887757765772
 42.984931222049546 47.91911092690027
 455.86405554917917 399.59975696276615
 427.9936097854927 32.364136597037465
 358.50074718197874 160.5072126725682
 485.958553713244 150.3611989042822
 140.46606107233245 29.85984611208764
 317.2506226917256 17.404244044391614
 239.80956166290068 43.808294799072776
 101.58882868054997 256.75524110185705
 392.9077136627091 119.75527965323168
 360.08582585267834 125.20623136668429
 439.06305906934733 426.1192824444082
 146.95372335376743 288.54728935987987
 276.58789807648117 57.021065788272985
 486.13919075727154 107.7887628716615
 186.75618911137832 119.6597809789976
 32.66652558504812 132.10818784526336
 423.62221295070196 351.8907984735049
 424.4953990943382 83.05573404095034
 92.90698040778179 380.3010034965393
 169.41528613068357 445.82186827206084
 180.57433543901692 364.0386586233389
 496.93809502283597 491.61839176370484
 497.18568782389366 448.9192763701921
 331.20776695526007 429.2156028429442
 358.5299520690772 220.5942493685399
 389.2107178527091 206.41870528375173
 448.2424877243305 85.6331690949259
 191.51103073450275 416.68752035159366
 448.67117769569046 180.46525303714816
 277.0428701965264 267.41195416745444
 125.45270048634765 104.8585525542044
 315.7654898003359 83.397859844623
 176.59083928016943 184.56224363986945
 106.97227202922832 334.62388231148356
 414.40437868377876 464.58867069998956
 218.19196355219904 220.5749884580609
 195.11854635594312 174.47331432147067
 406.03723153718516 386.0950059726655
 39.20053709417803 235.86346949293147
 17.859999193041098 126.26057547387326
 3.822405715880828 361.97061439907765
 300.2295595441065 443.0858644233447
 488.0503072775941 276.0290533267099
 101.9259976239601 159.335551541925
 319.35890022446114 95.94903989504155
 13.444814105222191 22.754054433476444
